0.0199063 -0.00224549 0.0346957 -0.000498091 -8.02444e-05 0.000785199
-0.00394703 0.000739195 0.0273432 -7.6338e-05 -8.02784e-05 0.000779853
-0.00657123 -0.000809653 0.0925504 -7.85663e-05 -7.46834e-05 0.00078372
-0.00902072 -0.00125595 0.0181812 -7.76222e-05 -7.37195e-05 0.000769291
-0.00765188 0.0153542 -0.101623 -7.76662e-05 -7.44967e-05 0.000775779
0.0163279 -0.0193287 0.130026 -8.50581e-05 8.10282e-05 -0.000771263
0.0277108 -0.0361229 0.119712 -7.67716e-05 8.28421e-05 -0.000777751
0.00107551 -0.0157012 0.189435 -7.83278e-05 7.9426e-05 -0.000778036
0.0240267 -0.0192728 0.261492 -7.69816e-05 7.99735e-05 -0.000783538
0.0233977 -0.00762217 0.242535 -7.3826e-05 7.76786e-05 -0.000765632
