-0.0152678 -0.0191906 0.181557 -0.000242528 -8.62467e-05 0.000948457
-0.0101034 -0.0167228 0.168694 -0.000104294 -8.62467e-05 0.000948457
-0.0221119 -0.0142034 0.152453 -0.000104294 -8.62467e-05 0.000948457
-0.00666719 -0.026412 0.247187 -0.000104294 -8.62467e-05 0.000948457
-0.0188999 -0.0160727 0.155257 -0.000205662 -8.62467e-05 0.000948457
0.00749201 -0.00396535 0.0061906 -0.000104294 8.62467e-05 -0.000948457
0.00719624 -0.00895335 0.0785785 -0.000104294 8.62467e-05 -0.000948457
0.0109029 -0.00489634 0.0839304 -0.000104294 8.62467e-05 -0.000948457
0.00475952 -0.00855637 0.0484178 -0.000104294 8.62467e-05 -0.000948457
0.00775401 -0.00808186 0.116161 -0.000104294 8.62467e-05 -0.000948457
