0.00100163 0.0144114 0.034227 -7.91538e-05 -7.74273e-05 0.000760883
0.00692105 -0.0156012 0.0165735 -0.000213958 -7.54623e-05 0.000775701
0.0189314 -0.0163016 -0.0181527 -8.03455e-05 -7.736e-05 0.000768175
0.000248178 -0.00201708 0.0789704 -8.32591e-05 -7.96716e-05 0.000781021
-0.00343346 7.94084e-05 0.145366 -7.92385e-05 -8.23154e-05 0.000785225
0.00242283 -0.00228408 -0.0252095 -6.77874e-05 7.58781e-05 -0.000714459
0.0181809 -0.0236877 0.0483747 -7.78851e-05 7.81438e-05 -0.00077077
0.0166995 -0.016393 0.114433 -7.59181e-05 7.45417e-05 -0.00074508
0.0270281 -0.0113818 0.205445 -8.10829e-05 7.79205e-05 -0.000789454
0.023687 -0.0293474 0.0631132 -8.10521e-05 8.03176e-05 -0.000806037
