-0.00627397 -0.0112802 0.152975 -0.0124289 -0.0139558 0.129804
-0.0238846 -0.0102802 0.0995783 -0.0122904 -0.013956 0.12982
0.00238842 -0.0329042 0.112405 -0.0122904 -0.013956 0.12982
-0.0301747 -0.00700636 0.168312 -0.0122904 -0.013956 0.12982
-0.0103908 -0.00150743 0.161467 -0.0122904 -0.013956 0.12982
0.0104875 -0.0100554 0.0329531 0.00576233 -0.00538545 0.0561066
0.0181845 -0.0131933 0.0934114 0.00576233 -0.00538545 0.0561066
0.0180905 -0.00754666 0.108867 0.00576233 -0.00538545 0.0561066
0.0132203 -0.017349 0.111152 0.00576233 -0.00538545 0.0561066
0.0125837 -0.00954382 0.114986 0.00576233 -0.00538545 0.0561066
