-0.0107509 -0.00801832 0.101018 -0.0122904 -0.013956 0.12982
-0.0148712 -0.0173925 0.174339 -0.0122904 -0.013956 0.12982
-0.00445644 -0.0194348 0.143741 -0.0122904 -0.013956 0.12982
-0.00437671 -0.0189185 0.15903 -0.0122904 -0.013956 0.12982
-0.0219236 -0.00791484 0.234209 -0.0122904 -0.013956 0.12982
0.00795847 -0.00323937 -0.0160622 0.00576233 -0.00538545 0.0561066
-0.00186234 0.00166073 -0.00237467 0.00576233 -0.00538545 0.0561066
0.0090972 -0.0119828 -0.00854778 0.00576233 -0.00538545 0.0561066
0.00360981 0.00532217 -0.0212545 0.00576233 -0.00538545 0.0561066
0.00561376 -0.00252141 -0.0197549 0.00576233 -0.00538545 0.0561066
